start=1256.297000
panscan=0.100000
